               111111111  11111111111111

1000000000110000000000001
               
1011000001110000000000001   
            
1001000000000000000000001
               
1011111111111111111111111
               
10111                   1
               
1011111111111111111111111
               
1111111110110000011000001
               
1000000000110111111111111
               
1111011111011100000010001
               
11110111 11 1101010010001
               
1100000011010100000010001
               
1000000000001100000010001
               
1000000000001101010010001
               
11010101011111011110N0111
               
0111 1110101 101111010001
               
111111 11 1111111 1111111                
